%YAML:1.0
---
calibration_time: "2025-04-14 12:51:01"
image_width: 720
image_height: 540
board_width: 4
board_height: 4
square_size: 100.
camera_matrix: !!opencv-matrix
   rows: 3
   cols: 3
   dt: d
   data: [ 1.0708336594702712e+03, 0., 5.1375649343941598e+02, 0.,
       1.0728967320679815e+03, 1.8516244172521840e+02, 0., 0., 1. ]
distortion_coefficients: !!opencv-matrix
   rows: 5
   cols: 1
   dt: d
   data: [ -4.7789745689787178e-01, 1.0681364811032071e-01,
       8.2956416121800249e-03, -2.0252983579956710e-02,
       2.3457388600444820e-01 ]
avg_reprojection_error: 2.4934222562170727e-01
per_view_reprojection_errors: [ 2.48137072e-01, 2.07499549e-01,
    2.28761122e-01, 2.10222423e-01, 2.36314341e-01, 1.88257828e-01,
    1.88606411e-01, 3.12350929e-01, 2.43183017e-01, 1.94879979e-01,
    2.13884369e-01, 2.74668753e-01, 2.55874127e-01, 3.07555944e-01,
    1.55375749e-01, 3.45546365e-01, 4.02874827e-01, 1.71048120e-01,
    2.59693921e-01, 2.23306790e-01, 3.03559363e-01, 4.35523450e-01,
    2.90704876e-01, 2.11829647e-01, 3.17985773e-01, 2.61660546e-01,
    3.82017970e-01, 2.20434099e-01, 1.51281998e-01, 2.18926072e-01,
    1.77140668e-01, 1.87239423e-01, 3.11094731e-01, 1.80510253e-01,
    2.03538194e-01, 3.50073874e-01, 2.85569519e-01, 1.82314992e-01,
    1.90953434e-01, 1.92923650e-01, 3.80200982e-01, 2.33228818e-01,
    3.39145154e-01, 1.20577797e-01, 1.81925282e-01, 2.70796597e-01,
    3.53070974e-01, 2.57248163e-01, 1.96724862e-01, 3.80746216e-01,
    2.57074535e-01, 1.25417918e-01, 3.45071346e-01, 2.13355735e-01,
    3.93312931e-01, 1.89620733e-01, 1.64252222e-01, 2.56464243e-01,
    3.24662536e-01, 1.50597453e-01, 2.29520395e-01, 3.14668387e-01,
    3.09638470e-01, 1.96811736e-01, 2.28887975e-01, 2.17193931e-01,
    3.35900277e-01, 2.54529208e-01, 1.98922887e-01, 1.57677561e-01,
    1.59027308e-01, 2.83207893e-01, 2.47547403e-01, 2.65832901e-01,
    2.15253592e-01, 2.85908908e-01, 3.01746309e-01, 3.01371396e-01,
    1.57318085e-01, 2.29594678e-01 ]
num_images: 80
