%YAML:1.0
---
calibration_time: "2025-04-14 12:52:34"
image_width: 720
image_height: 540
board_width: 4
board_height: 4
square_size: 100.
camera_matrix: !!opencv-matrix
   rows: 3
   cols: 3
   dt: d
   data: [ 1.1024345824643535e+03, 0., 5.1231320834046267e+02, 0.,
       1.1103281763657328e+03, 2.2904166654621537e+02, 0., 0., 1. ]
distortion_coefficients: !!opencv-matrix
   rows: 5
   cols: 1
   dt: d
   data: [ -4.3145636900156503e-01, -1.1471902496443964e+00,
       -2.3106425280402642e-03, -1.9718362251242644e-02,
       8.6990843106347704e+00 ]
avg_reprojection_error: 2.2006329501326735e-01
per_view_reprojection_errors: [ 1.20597012e-01, 2.14436904e-01,
    1.69606939e-01, 1.67267904e-01, 1.39837712e-01, 2.71885037e-01,
    2.00816318e-01, 2.02063784e-01, 1.48407191e-01, 2.48666555e-01,
    3.10160339e-01, 2.80969799e-01, 3.44611615e-01, 3.54349017e-01,
    1.66233063e-01, 1.76536843e-01, 1.45419687e-01, 2.05046430e-01,
    2.32397795e-01, 1.39806807e-01, 2.38229036e-01, 2.86627680e-01,
    3.45394164e-01, 1.94169253e-01, 1.32534951e-01, 1.77741185e-01,
    2.54135549e-01, 1.79956719e-01, 1.54927433e-01, 1.91724092e-01,
    4.69489396e-01, 2.38308609e-01, 2.05022708e-01, 1.58644453e-01,
    1.92610502e-01, 2.96273947e-01, 1.83144122e-01, 3.65584403e-01,
    2.03418374e-01, 2.25307599e-01, 2.02731535e-01, 1.77473977e-01,
    2.62233615e-01, 2.85425693e-01, 1.47015393e-01, 2.33592406e-01,
    2.04661518e-01, 2.04182535e-01, 2.46273711e-01, 1.49727106e-01,
    2.74444252e-01, 1.45644560e-01, 2.05875009e-01, 2.55122840e-01,
    1.34800553e-01, 2.35227615e-01, 1.54179424e-01, 1.97382614e-01,
    1.13492958e-01, 2.83656150e-01, 1.04899600e-01, 1.99981540e-01,
    1.72714204e-01, 3.36644709e-01, 1.28584817e-01, 3.56478274e-01,
    4.21045095e-01, 1.69752926e-01, 2.89887130e-01, 2.25047499e-01,
    1.73953786e-01 ]
num_images: 71
